1,78882
1,78883
1,78884
1,78885
1,78886
1,78887
1,78888
1,78889
1,78890
1,78891
1,78892
1,78893
1,78894
1,78895
1,78896
1,78897
1,78898
1,78899
1,78900
1,78901
1,78902
1,78903
1,78904
1,78905
1,78906
1,78907
1,78908
1,78909
1,78910
1,78911
1,78912
1,78913
1,78914
1,78915
1,78916
1,78917
1,78918
1,78919
1,78920
1,78921
1,78922
1,78923
1,78924
1,78925
1,78926
1,78927
1,78928
1,78929
1,78930
1,78931
1,78932
1,78933
1,78934
1,78935
1,78936
1,78937
1,78938
1,78939
1,78940
1,78941
1,78942
1,78943
1,78944
1,78945
1,78946
1,78947
1,78948
1,78949
1,78950
1,78951
1,78952
1,78953
1,78954
1,78955
1,78956
1,78957
1,78958
1,78959
1,78960
1,78961
1,78962
1,78963
1,78964
1,78965
1,78966
1,78967
1,78968
1,78969
1,78970
1,78971
1,78972
1,78973
1,78974
1,78975
1,78976
1,78977
1,78978
1,78979
1,78980
1,78981
1,78982
1,78983
1,78984
1,78985
1,78986
1,78987
1,78988
1,78989
1,78990
1,78991
1,78992
1,78993
1,78994
1,78995
1,78996
1,78997
1,78998
1,78999
1,79000
1,79001
1,79002
1,79003
1,79004
1,79005
1,79006
1,79007
1,79008
1,79009
1,79010
1,79011
1,79012
1,79013
1,79014
1,79015
1,79016
1,79017
1,79018
1,79019
1,79020
1,79021
1,79022
1,79023
1,79024
1,79025
1,79026
1,79027
1,79028
1,79029
1,79030
1,79031
1,79032
1,79033
1,79034
1,79035
1,79036
1,79037
1,79038
1,79039
1,79040
1,79041
1,79042
1,79043
1,79044
1,79045
1,79046
1,79047
1,79048
1,79049
1,79050
1,79051
1,79052
1,79053
1,79054
1,79055
1,79056
1,79057
1,79058
1,79059
1,79060
1,79061
1,79062
1,79063
1,79064
1,79065
1,79066
1,79067
1,79068
1,79069
1,79070
1,79071
1,79072
1,79073
1,79074
1,79075
1,79076
1,79077
1,79078
1,79079
1,79080
